# Bieguny w przedziale od 11 do 85 Hz
1.00000000 -2.21178674 -0.21178674 82.30723400 13.09960314 82.33694656 13.10433204 0.02686263 0.00257220 0.14784737 1.26457323 0.00009799
2.00000000 -2.83716046 -0.83716046 111.71601305 17.78015570 111.75203377 17.78588857 0.02538800 0.00749123 0.33780129 3.47919925 0.00010684
3.00000000 -46.21057921 -44.21057921 163.42565782 26.01000127 169.83333968 27.02981551 0.27209368 0.26031743 -6.46742374 -7.85396147 0.00001260
4.00000000 -2.14426999 -0.14426999 213.21830384 33.93474701 213.22908570 33.93646300 0.01005618 0.00067660 0.73903224 0.36986795 0.00002049
5.00000000 -3.04165980 -1.04165980 235.58581779 37.49464742 235.60545248 37.49777238 0.01290997 0.00442120 3.01456978 10.18693824 0.00007218
6.00000000 -5.62141261 -3.62141261 321.13467740 51.11017131 321.18387460 51.11800128 0.01750216 0.01127520 0.45407363 -0.14689602 0.00001079
7.00000000 -51.73688085 -49.73688085 348.96555796 55.53959352 352.77991083 56.14666663 0.14665484 0.14098558 16.25993194 25.71613090 0.00001049
8.00000000 -5.05510441 -3.05510441 378.60172294 60.25633567 378.63546941 60.26170659 0.01335085 0.00806872 2.50951461 0.97582630 0.00001051
9.00000000 -6.08859906 -4.08859906 425.28948455 67.68692371 425.33306561 67.69385985 0.01431490 0.00961270 6.18240556 1.45179346 0.00000931
10.00000000 -4.27611352 -2.27611352 447.48464834 71.21939374 447.50507890 71.22264537 0.00955545 0.00508623 3.04815840 3.56412263 0.00000919
11.00000000 -11.18389460 -9.18389460 477.10712933 75.93395802 477.23819248 75.95481736 0.02343462 0.01924384 3.56692011 -0.32462293 0.00000396
12.00000000 -3.73944958 -1.73944958 492.32921884 78.35662881 492.34341999 78.35888899 0.00759521 0.00353300 0.31072012 0.44573057 0.00000367
13.00000000 -1.01714190 0.98285810 516.39387198 82.18663731 516.39487372 82.18679674 0.00196970 -0.00190331 -0.06397560 -0.14076895 0.00000433
14.00000000 -2.58854104 -0.58854104 526.35463236 83.77194156 526.36099737 83.77295458 0.00491781 0.00111813 -0.05485206 -0.24749950 0.00000507
# Bieguny w przedziale od 85 do 95 Hz
1.00000000 -5.42563049 -3.42563049 566.83729614 90.21495761 566.86326196 90.21909020 0.00957132 0.00604313 5.92241212 5.91323422 0.00001249
# Bieguny w przedziale od 95 do 100 Hz
1.00000000 -55.65706491 -53.65706491 617.46926394 98.27328556 619.97258067 98.67170080 0.08977343 0.08654748 164.10068962 162.63986336 0.00001304
2.00000000 -2.43231352 -0.43231352 620.76510205 98.79783449 620.76986724 98.79859289 0.00391822 0.00069642 3.15312657 -4.03042415 0.00001126
# Bieguny w przedziale od 100 do 105 Hz
1.00000000 -4.34018977 -2.34018977 635.03894992 101.06958794 635.05378131 101.07194843 0.00683437 0.00368503 6.60346090 -6.13114825 0.00000846
2.00000000 -5.29287497 -3.29287497 658.77431815 104.84718912 658.79558042 104.85057311 0.00803417 0.00499833 7.84030831 -5.19314844 0.00000575
