# Bieguny w przedziale od 10 do 25 Hz
1.000000 -2.491619 -0.491619 82.699241 13.161993 82.736767 13.167965 0.030115 0.005942 -0.091546 -0.923504 -0.000056
2.000000 -2.807390 -0.807390 112.993956 17.983547 113.028826 17.989096 0.024838 0.007143 -0.081028 -1.945240 -0.000056
# Bieguny w przedziale od 25 do 50 Hz
1.000000 -3.628204 -1.628204 236.688575 37.670157 236.716382 37.674582 0.015327 0.006878 1.482170 6.143941 0.000032
2.000000 -8.165310 -6.165310 256.184652 40.773054 256.314744 40.793759 0.031857 0.024054 -0.437910 0.488700 0.000004
# Bieguny w przedziale od 55 do 64 Hz
1.000000 -3.347579 -1.347579 358.970713 57.131963 358.986321 57.134448 0.009325 0.003754 -0.039999 -0.000034 0.000000
2.000000 -6.627620 -4.627620 381.396252 60.701099 381.453832 60.710263 0.017375 0.012132 0.286303 0.217811 0.000001
# Bieguny w przedziale od 64 do 73 Hz
1.000000 -2.833992 -0.833992 411.322770 65.464052 411.332532 65.465606 0.006890 0.002028 0.115123 0.108698 0.000001
2.000000 -12.666068 -10.666068 419.715508 66.799798 419.906581 66.830208 0.030164 0.025401 0.729576 0.451369 0.000000
3.000000 -3.582132 -1.582132 431.086693 68.609578 431.101576 68.611947 0.008309 0.003670 0.025621 0.118773 0.000000
4.000000 -2.130671 -0.130671 443.615590 70.603614 443.620707 70.604428 0.004803 0.000295 -0.051427 0.033436 -0.000000
5.000000 -2.329551 -0.329551 449.149681 71.484392 449.155722 71.485353 0.005187 0.000734 0.064009 -0.137215 -0.000000
# Bieguny w przedziale od 73 do 80 Hz
1.000000 -4.210106 -2.210106 465.724220 74.122312 465.743249 74.125340 0.009040 0.004745 -0.042189 0.086951 0.000000
2.000000 -7.539302 -5.539302 484.034811 77.036533 484.093523 77.045877 0.015574 0.011443 0.337902 -0.218153 -0.000000
3.000000 -4.482228 -2.482228 492.775361 78.427635 492.795746 78.430879 0.009096 0.005037 0.123811 -0.170916 -0.000000
