# Bieguny w przedziale od 10 do 22 Hz
1.00000000 -2.30028093 -0.30028093 82.23825301 13.08862448 82.27041723 13.09374357 0.02796000 0.00364993 0.21589342 1.28377391 0.00009867
2.00000000 -2.86710873 -0.86710873 111.74542732 17.78483713 111.78220269 17.79069011 0.02564906 0.00775713 0.54148900 3.48075686 0.00010684
# Bieguny w przedziale od 22 do 42 Hz
1.00000000 -6.71275126 -4.71275126 218.03233759 34.70092428 218.13564877 34.71736677 0.03077329 0.02160468 2.07352791 -0.51727873 0.00001959
2.00000000 -3.34916582 -1.34916582 235.81111521 37.53050462 235.83489768 37.53428972 0.01420132 0.00572081 4.43956118 11.16104304 0.00007204

# Bieguny w przedziale od 50 do 78 Hz
1.00000000 -10.37131869 -8.37131869 329.92668391 52.50946260 330.08965602 52.53540042 0.03141970 0.02536074 -0.36717805 -0.85131625 0.00001054
2.00000000 -69.92409118 -67.92409118 328.97862858 52.35857491 336.32769228 53.52821472 0.20790465 0.20195807 3.46847463 44.43366414 0.00001054
3.00000000 -4.76561611 -2.76561611 379.78537069 60.44471906 379.81526942 60.44947759 0.01254719 0.00728148 2.65932292 0.15321721 0.00001008
4.00000000 -4.88387628 -2.88387628 424.36351655 67.53955133 424.39161918 67.54402400 0.01150795 0.00679532 4.54209243 1.98416373 0.00000957
5.00000000 -3.02171919 -1.02171919 447.18678494 71.17198731 447.19699397 71.17361213 0.00675702 0.00228472 1.99252613 2.64675115 0.00000913
6.00000000 -4.14656301 -2.14656301 480.25645483 76.43518874 480.27435533 76.43803769 0.00863374 0.00446945 0.41687692 -0.51435910 0.00000349
# Bieguny w przedziale od 85 do 95 Hz
1.00000000 -5.42563049 -3.42563049 566.83729614 90.21495761 566.86326196 90.21909020 0.00957132 0.00604313 5.92241212 5.91323422 0.00001249
# Bieguny w przedziale od 95 do 100 Hz
1.00000000 -55.65706491 -53.65706491 617.46926394 98.27328556 619.97258067 98.67170080 0.08977343 0.08654748 164.10068962 162.63986336 0.00001304
2.00000000 -2.43231352 -0.43231352 620.76510205 98.79783449 620.76986724 98.79859289 0.00391822 0.00069642 3.15312657 -4.03042415 0.00001126
# Bieguny w przedziale od 100 do 105 Hz
1.00000000 -4.34018977 -2.34018977 635.03894992 101.06958794 635.05378131 101.07194843 0.00683437 0.00368503 6.60346090 -6.13114825 0.00000846
2.00000000 -5.29287497 -3.29287497 658.77431815 104.84718912 658.79558042 104.85057311 0.00803417 0.00499833 7.84030831 -5.19314844 0.00000575
