# Bieguny w przedziale od 10 do 50 Hz
1.000000 -3.102669 -1.102669 82.708979 13.163543 82.767154 13.172802 0.037487 0.013323 -0.156730 -1.370704 -0.000073
2.000000 -3.110012 -1.110012 112.201886 17.857485 112.244980 17.864343 0.027707 0.009889 0.266742 -3.160123 -0.000079
3.000000 -15.339788 -13.339788 208.954115 33.256080 209.516422 33.345574 0.073215 0.063669 -0.510169 1.072578 0.000009
4.000000 -3.525180 -1.525180 234.669160 37.348757 234.695636 37.352971 0.015020 0.006499 0.756098 7.994769 0.000040
5.000000 -16.138515 -14.138515 300.999509 47.905560 301.431843 47.974368 0.053540 0.046905 0.172549 -0.189165 -0.000001
# Bieguny w przedziale od 50 do 62 Hz
1.000000 -8.579020 -6.579020 325.923901 51.872400 326.036790 51.890367 0.026313 0.020179 0.243566 0.020700 -0.000001
2.000000 -10.629271 -8.629271 361.715027 57.568734 361.871168 57.593585 0.029373 0.023846 0.028410 -0.577748 -0.000001
3.000000 -2.701814 -0.701814 381.654625 60.742220 381.664189 60.743742 0.007079 0.001839 -0.099833 0.112758 0.000000
# Bieguny w przedziale od 62 do 76.4 Hz
1.000000 -5.719838 -3.719838 391.870774 62.368171 391.912516 62.374814 0.014595 0.009492 0.109091 0.087317 -0.000000
2.000000 -3.326724 -1.326724 411.359242 65.469857 411.372694 65.471998 0.008087 0.003225 -0.539077 -0.519435 -0.000001
3.000000 -5.858366 -3.858366 426.392563 67.862484 426.432806 67.868889 0.013738 0.009048 -0.103220 0.262303 0.000001
4.000000 -7.241910 -5.241910 444.339845 70.718883 444.398856 70.728275 0.016296 0.011796 0.023758 0.682174 0.000001
5.000000 -2.357715 -0.357715 447.757536 71.262825 447.763744 71.263813 0.005266 0.000799 -0.288695 0.218181 0.000001
6.000000 -4.901256 -2.901256 475.390699 75.660780 475.415964 75.664801 0.010309 0.006103 0.283358 -0.220453 0.000000
# Bieguny w przedziale od 76.4 do 80 Hz
1.000000 -2.560674 -0.560674 480.604681 76.490611 480.611503 76.491696 0.005328 0.001167 -0.067802 -0.063884 0.000000
2.000000 -3.799872 -1.799872 489.621955 77.925754 489.636700 77.928101 0.007761 0.003676 -0.016484 -0.041281 0.000001
3.000000 -2.931586 -0.931586 496.753131 79.060716 496.761781 79.062093 0.005901 0.001875 -0.201211 -0.149266 0.000001
4.000000 -4.019458 -2.019458 500.516555 79.659684 500.532694 79.662252 0.008030 0.004035 -0.199588 -0.683927 0.000001
5.000000 -11.574286 -9.574286 502.333191 79.948810 502.466515 79.970030 0.023035 0.019055 2.966356 1.822401 0.000000
