# Bieguny w przedziale od 10 do 25 Hz
1.000000 -2.542730 -0.542730 82.643468 13.153116 82.682576 13.159341 0.030753 0.006564 -0.061542 -0.873454 -0.000050
2.000000 -2.669192 -0.669192 112.876489 17.964851 112.908044 17.969873 0.023640 0.005927 0.014629 1.297694 0.000039
# Bieguny w przedziale od 30 do 73.2 Hz
1.000000 -3.898295 -1.898295 216.211299 34.411097 216.246440 34.416690 0.018027 0.008778 -0.334218 -0.871193 -0.000006
2.000000 -3.278847 -1.278847 236.827668 37.692294 236.850364 37.695906 0.013844 0.005399 0.595234 2.614139 0.000015
3.000000 -17.150586 -15.150586 256.591131 40.837747 257.163666 40.928869 0.066691 0.058914 0.121668 0.305873 0.000002
4.000000 -3.434948 -1.434948 365.453276 58.163695 365.469418 58.166264 0.009399 0.003926 -0.119617 -0.165287 -0.000001
5.000000 -6.577736 -4.577736 382.232910 60.834257 382.289503 60.843264 0.017206 0.011975 -0.862004 -0.890468 -0.000001
6.000000 -2.003388 -0.003388 411.422357 65.479902 411.427235 65.480678 0.004869 0.000008 0.187533 -0.051175 0.000001
7.000000 -8.463064 -6.463064 441.299093 70.234932 441.380237 70.247846 0.019174 0.014643 -1.446340 0.425309 -0.000001
8.000000 -3.076607 -1.076607 448.575491 71.393007 448.586042 71.394686 0.006858 0.002400 -0.275888 -1.680877 -0.000002
9.000000 -25.707825 -23.707825 451.382079 71.839689 452.113562 71.956108 0.056861 0.052438 3.987778 -0.569297 -0.000001
# Bieguny w przedziale od 73.2 do 80 Hz
1.000000 -2.900272 -0.900272 465.791089 74.132954 465.800118 74.134391 0.006226 0.001933 0.016434 -0.275729 -0.000000
2.000000 -2.385787 -0.385787 472.883991 75.261825 472.890009 75.262783 0.005045 0.000816 0.037672 0.065595 0.000000
3.000000 -2.215841 -0.215841 479.751485 76.354820 479.756602 76.355635 0.004619 0.000450 0.017754 0.095877 0.000000
4.000000 -4.728717 -2.728717 493.955207 78.615413 493.977841 78.619015 0.009573 0.005524 0.253889 0.250531 0.000000
