# Bieguny w przedziale od 10 do 25 Hz
1.000000 -2.113660 -0.113660 82.884080 13.191411 82.911027 13.195700 0.025493 0.001371 0.000271 -0.083009 -0.000006
2.000000 -2.575116 -0.575116 113.388774 18.046384 113.418011 18.051037 0.022705 0.005071 -0.018798 -0.328978 -0.000010
3.000000 -6.492913 -4.492913 147.943865 23.545997 148.086276 23.568663 0.043845 0.030340 -0.022306 0.009419 0.000001
# Bieguny w przedziale od 32 do 44 Hz
1.000000 -7.665705 -5.665705 209.046090 33.270719 209.186593 33.293080 0.036645 0.027084 0.164565 0.123444 0.000001
2.000000 -15.821065 -13.821065 229.171685 36.473806 229.717146 36.560619 0.068872 0.060166 -0.789691 0.051427 0.000003
3.000000 -3.089805 -1.089805 237.102327 37.736007 237.122459 37.739211 0.013030 0.004596 0.368487 0.775993 0.000005
4.000000 -6.106764 -4.106764 273.010731 43.451007 273.079021 43.461876 0.022363 0.015039 0.018255 -0.066851 -0.000000
# Bieguny w przedziale od 57 do 75 Hz
1.000000 -19.647688 -17.647688 380.381302 60.539565 380.888391 60.620270 0.051584 0.046333 -4.313475 4.047377 0.000002
2.000000 -6.343811 -4.343811 382.930738 60.945320 382.983282 60.953682 0.016564 0.011342 1.843265 -0.229290 0.000002
3.000000 -2.255702 -0.255702 412.565692 65.661869 412.571858 65.662851 0.005467 0.000620 0.443711 0.059564 -0.000002
4.000000 -3.613126 -1.613126 426.089108 67.814188 426.104427 67.816626 0.008479 0.003786 -0.347072 0.584734 0.000001
5.000000 -2.846827 -0.846827 449.085918 71.474244 449.094942 71.475680 0.006339 0.001886 -1.360299 -3.354225 -0.000007
6.000000 -18.337603 -16.337603 453.619019 72.195709 453.989518 72.254676 0.040392 0.035987 0.041741 -5.072719 -0.000003
7.000000 -5.449984 -3.449984 467.785143 74.450318 467.816890 74.455370 0.011650 0.007375 0.550297 0.241322 -0.000001
# Bieguny w przedziale od 75 do 80 Hz
1.000000 -4.860429 -2.860429 477.212162 75.950675 477.236913 75.954614 0.010185 0.005994 -0.084260 -0.107539 -0.000001
2.000000 -3.740620 -1.740620 489.603262 77.922779 489.617551 77.925053 0.007640 0.003555 0.137355 -0.055673 -0.000001
