# Bieguny w przedziale od 10 do 25 Hz
1.000000 -2.319287 -0.319287 82.212710 13.084559 82.245418 13.089765 0.028200 0.003882 0.104116 1.321011 0.000084
2.000000 -2.750267 -0.750267 112.234206 17.862629 112.267898 17.867991 0.024497 0.006683 0.143990 2.900748 0.000085
# Bieguny w przedziale od 30 do 44 Hz
1.000000 -5.969518 -3.969518 213.472408 33.975189 213.555857 33.988470 0.027953 0.018588 0.059496 -1.235541 -0.000011
2.000000 -3.534145 -1.534145 234.150215 37.266164 234.176885 37.270409 0.015092 0.006551 -0.812049 -8.653196 -0.000042
# Bieguny w przedziale od 44 do 62.6 Hz
1.000000 -29.903813 -27.903813 279.138185 44.426222 280.735399 44.680426 0.106520 0.099395 -3.642896 -1.456770 -0.000003
2.000000 -4.702787 -2.702787 332.584421 52.932455 332.617668 52.937746 0.014139 0.008126 -0.017588 0.179884 0.000001
3.000000 -11.697240 -9.697240 363.611046 57.870495 363.799145 57.900432 0.032153 0.026655 0.808843 0.730555 0.000001
4.000000 -2.791896 -0.791896 379.187081 60.349498 379.197359 60.351134 0.007363 0.002088 0.126247 0.172837 0.000001
# Bieguny w przedziale od 64 do 73 Hz
1.000000 -3.142587 -1.142587 410.663452 65.359118 410.675476 65.361032 0.007652 0.002782 0.363924 0.751092 0.000002
2.000000 -9.388760 -7.388760 411.895799 65.555252 412.002789 65.572280 0.022788 0.017934 0.887992 -0.635751 0.000002
3.000000 -3.371938 -1.371938 428.611606 68.215656 428.624869 68.217767 0.007867 0.003201 -0.300849 -0.036260 -0.000001
4.000000 -5.317770 -3.317770 441.607035 70.283942 441.639052 70.289038 0.012041 0.007512 -0.060440 -0.791371 -0.000001
5.000000 -2.730449 -0.730449 448.001445 71.301645 448.009766 71.302969 0.006095 0.001630 -0.075363 -0.693590 -0.000002
# Bieguny w przedziale od 73 do 80 Hz
1.000000 -3.893606 -1.893606 464.390233 73.910001 464.406555 73.912599 0.008384 0.004077 -0.166933 0.088379 0.000001
2.000000 -4.426046 -2.426046 476.655907 75.862144 476.676456 75.865414 0.009285 0.005090 -0.286646 0.636966 0.000001
3.000000 -2.914722 -0.914722 481.953644 76.705305 481.962457 76.706707 0.006048 0.001898 0.165935 -0.107583 -0.000000
4.000000 -3.131435 -1.131435 495.209216 78.814995 495.219117 78.816570 0.006323 0.002285 -0.257323 0.308696 0.000001
5.000000 -2.660182 -0.660182 499.713501 79.531874 499.720581 79.533001 0.005323 0.001321 -0.098690 0.230756 0.000001
